1	1	3.595	11	3.595
2	2	5.750	10	5.750
3	3	7.675	11	7.675
4	4	8.22	2	8.22
5	5	5.332	10	5.332
6	6	7.224	2	7.224
7	7	5.500	11	5.500
8	8	5.366	3	5.366
9	9	5.86	1	5.86
10	10	5.404	11	5.404
11	11	6.622	11	6.622
12	12	8.80	1	8.80
13	13	7.83	3	7.83
14	14	10.08	2	10.08
15	15	5.972	3	5.972
16	16	7.12	5	7.12
17	17	5.994	3	5.994
18	18	8.09	5	8.09
19	19	5.37	8	5.37
20	20	8.07	5	8.07
21	21	6.76	6	6.76
22	22	6.396	11	6.396
23	23	4.070	10	4.070
24	24	5.147	3	5.147
25	25	4.164	3	4.164
26	26	8.19	5	8.19
27	27	5.503	11	5.503
28	28	8.03	3	8.03
29	29	5.615	3	5.615
30	30	4.240	2	4.240
31	31	5.677	11	5.677
32	32	7.80	3	7.80
33	33	6.63	7	6.63
34	34	7.78	3	7.78
35	35	6.52	4	6.52
36	36	5.21	8	5.21
37	37	4.008	2	4.008
38	38	4.200	10	4.200
39	39	5.61	6	5.61
40	40	8.357	2	8.357
41	41	5.462	3	5.462
42	42	5.766	3	5.766
43	43	7.685	10	7.685
44	44	6.65	7	6.65
45	45	4.998	3	4.998
46	46	5.401	3	5.401
47	47	7.65	5	7.65
48	48	5.56	7	5.56
49	49	5.951	10	5.951
50	50	8.041	2	8.041
51	51	5.79	8	5.79
52	52	6.914	2	6.914
53	53	8.220	10	8.220
54	54	8.47	7	8.47
55	55	6.180	11	6.180
56	56	5.170	10	5.170
57	57	5.21	6	5.21
58	58	5.893	3	5.893
59	59	8.24	2	8.24
60	60	7.92	3	7.92
61	61	7.386	10	7.386
62	62	5.317	3	5.317
63	63	9.05	3	9.05
64	64	6.04	5	6.04
65	65	6.506	3	6.506
66	66	4.462	10	4.462
67	67	8.511	2	8.511
68	68	5.989	3	5.989
69	69	6.199	11	6.199
70	70	7.58	1	7.58
71	71	7.09	3	7.09
72	72	7.01	5	7.01
73	73	7.102	10	7.102
74	74	4.368	3	4.368
75	75	7.87	5	7.87
76	76	6.43	6	6.43
77	77	3.844	10	3.844
78	78	6.26	8	6.26
79	79	6.234	3	6.234
80	80	8.626	2	8.626
81	81	6.304	3	6.304
82	82	5.47	8	5.47
83	83	7.50	6	7.50
84	84	6.172	3	6.172
85	85	7.972	2	7.972
86	86	7.191	10	7.191
87	87	9.056	2	9.056
88	88	5.432	11	5.432
89	89	7.541	2	7.541
90	90	6.99	3	6.99
91	91	4.34	3	4.34
92	92	7.96	1	7.96
93	93	6.27	7	6.27
94	94	6.69	5	6.69
95	95	10.282	2	10.282
96	96	7.955	2	7.955
97	97	5.567	11	5.567
98	98	6.664	11	6.664
99	99	7.152	10	7.152
100	100	5.576	3	5.576
101	101	5.36	1	5.36
102	102	7.44	2	7.44
103	103	4.230	3	4.230
104	104	6.027	11	6.027
105	105	3.384	11	3.384
106	106	5.36	7	5.36
107	107	8.52	3	8.52
108	108	6.67	4	6.67
109	109	5.154	11	5.154
110	110	7.755	2	7.755
111	111	6.35	7	6.35
112	112	5.350	3	5.350
113	113	7.48	6	7.48
114	114	5.62	4	5.62
115	115	7.330	11	7.330
116	116	9.95	3	9.95
117	117	9.30	7	9.30
118	118	6.32	1	6.32
119	119	4.821	10	4.821
120	120	8.11	2	8.11
121	121	4.06	1	4.06
122	122	5.200	2	5.200
123	123	9.426	2	9.426
124	124	4.667	11	4.667
125	125	7.47	5	7.47
126	126	5.208	10	5.208
127	127	7.000	2	7.000
128	128	7.09	8	7.09
129	129	7.01	7	7.01
130	130	9.74	7	9.74
131	131	5.200	3	5.200
132	132	8.47	2	8.47
133	133	5.561	11	5.561
134	134	7.260	11	7.260
135	135	8.50	2	8.50
136	136	6.71	4	6.71
137	137	5.00	1	5.00
138	138	5.000	3	5.000
139	139	6.041	10	6.041
140	140	5.900	3	5.900
141	141	6.588	2	6.588
142	142	5.990	3	5.990
143	143	6.26	1	6.26
144	144	5.398	3	5.398
145	145	7.850	2	7.850
146	146	6.24	6	6.24
147	147	6.537	3	6.537
148	148	7.34	1	7.34
149	149	6.57	4	6.57
150	150	5.831	11	5.831
151	151	6.656	2	6.656
152	152	7.186	10	7.186
153	153	6.54	4	6.54
154	154	6.100	3	6.100
155	155	6.310	3	6.310
156	156	7.47	2	7.47
157	157	7.60	1	7.60
158	158	4.570	3	4.570
159	159	3.405	3	3.405
160	160	4.852	10	4.852
161	161	6.971	11	6.971
162	162	6.966	2	6.966
163	163	5.399	3	5.399
164	164	3.474	3	3.474
165	165	7.09	5	7.09
166	166	9.950	2	9.950
167	167	7.10	5	7.10
168	168	7.050	11	7.050
169	169	6.14	7	6.14
170	170	6.550	10	6.550
171	171	7.515	11	7.515
172	172	6.355	10	6.355
173	173	7.714	2	7.714
174	174	6.445	10	6.445
175	175	7.46	5	7.46
176	176	7.931	10	7.931
177	177	7.282	10	7.282
178	178	4.035	3	4.035
179	179	8.82	3	8.82
180	180	7.300	11	7.300
181	181	8.88	5	8.88
182	182	6.76	1	6.76
183	183	6.476	10	6.476
184	184	7.816	10	7.816
185	185	5.92	1	5.92
186	186	4.388	3	4.388
187	187	4.063	3	4.063
188	188	7.250	2	7.250
189	189	5.446	3	5.446
190	190	8.31	2	8.31
191	191	4.78	1	4.78
192	192	6.50	2	6.50
193	193	8.572	2	8.572
194	194	8.28	5	8.28
195	195	5.243	3	5.243
196	196	7.33	3	7.33
197	197	8.177	10	8.177
198	198	7.80	3	7.80
199	199	6.32	4	6.32
200	200	6.10	1	6.10
201	201	7.01	7	7.01
202	202	7.19	6	7.19
203	203	6.52	2	6.52
204	204	5.441	3	5.441
205	205	8.23	5	8.23
206	206	7.207	10	7.207
207	207	7.988	10	7.988
208	208	5.842	11	5.842
209	209	5.07	2	5.07
210	210	6.060	3	6.060
211	211	7.379	2	7.379
212	212	4.191	3	4.191
213	213	7.38	2	7.38
214	214	7.121	2	7.121
215	215	4.434	3	4.434
216	216	7.89	7	7.89
217	217	7.42	2	7.42
218	218	7.66	4	7.66
219	219	5.76	1	5.76
220	220	6.23	6	6.23
221	221	6.02	4	6.02
222	222	6.663	11	6.663
223	223	6.63	4	6.63
224	224	8.084	2	8.084
225	225	6.74	8	6.74
226	226	8.03	2	8.03
227	227	9.10	2	9.10
228	228	7.32	5	7.32
229	229	8.494	11	8.494
230	230	5.66	8	5.66
231	231	5.066	11	5.066
232	232	5.117	3	5.117
233	233	8.25	3	8.25
234	234	5.073	11	5.073
235	235	7.04	1	7.04
236	236	6.849	11	6.849
237	237	5.345	11	5.345
238	238	6.56	1	6.56
239	239	5.184	10	5.184
240	240	5.979	10	5.979
241	241	6.64	3	6.64
242	242	6.729	10	6.729
243	243	7.76	1	7.76
244	244	2.881	3	2.881
245	245	8.26	5	8.26
246	246	8.57	5	8.57
247	247	2.777	11	2.777
248	248	5.285	11	5.285
249	249	7.757	10	7.757
250	250	5.91	8	5.91
251	251	5.860	11	5.860
252	252	5.080	11	5.080
253	253	4.993	3	4.993
254	254	5.973	3	5.973
255	255	6.545	2	6.545
256	256	4.872	3	4.872
257	257	9.95	2	9.95
258	258	7.60	3	7.60
259	259	7.73	5	7.73
260	260	7.58	5	7.58
261	261	5.54	5	5.54
262	262	5.069	10	5.069
263	263	5.99	2	5.99
264	264	6.78	1	6.78
265	265	3.82	2	3.82
266	266	7.34	1	7.34
267	267	5.05	3	5.05
268	268	8.08	2	8.08
269	269	8.38	2	8.38
270	270	7.41	6	7.41
271	271	5.358	10	5.358
272	272	6.443	11	6.443
273	273	6.475	2	6.475
274	274	7.296	11	7.296
275	275	7.414	11	7.414
276	276	4.386	11	4.386
277	277	3.12	3	3.12
278	278	6.21	6	6.21
279	279	7.379	2	7.379
280	280	5.786	11	5.786
281	281	6.38	1	6.38
282	282	6.818	11	6.818
283	283	8.32	3	8.32
284	284	6.859	10	6.859
285	285	6.40	4	6.40
286	286	5.784	11	5.784
287	287	7.78	1	7.78
288	288	6.76	4	6.76
289	289	5.97	8	5.97
290	290	5.821	3	5.821
291	291	6.607	10	6.607
292	292	5.645	3	5.645
293	293	5.667	3	5.667
294	294	5.781	3	5.781
295	295	6.32	2	6.32
296	296	3.96	4	3.96
297	297	4.245	11	4.245
298	298	6.537	11	6.537
299	299	6.30	1	6.30
300	300	6.24	2	6.24
301	301	7.336	2	7.336
302	302	6.058	10	6.058
303	303	7.68	1	7.68
304	304	5.581	3	5.581
305	305	7.116	11	7.116
306	306	8.57	3	8.57
307	307	8.06	1	8.06
308	308	4.645	3	4.645
309	309	8.72	3	8.72
310	310	8.514	2	8.514
311	311	7.18	4	7.18
312	312	5.559	10	5.559
313	313	8.003	11	8.003
314	314	6.942	11	6.942
315	315	8.884	2	8.884
316	316	7.68	5	7.68
317	317	4.80	3	4.80
318	318	8.00	7	8.00
319	319	6.43	6	6.43
320	320	5.051	3	5.051
321	321	6.338	2	6.338
322	322	6.57	6	6.57
323	323	4.367	3	4.367
324	324	8.668	2	8.668
325	325	7.835	2	7.835
326	326	5.528	3	5.528
327	327	7.525	2	7.525
328	328	8.01	2	8.01
329	329	6.236	11	6.236
330	330	4.799	10	4.799
331	331	7.062	11	7.062
332	332	7.456	11	7.456
333	333	5.058	3	5.058
334	334	7.22	1	7.22
335	335	7.964	11	7.964
336	336	6.46	6	6.46
337	337	7.878	2	7.878
338	338	5.251	3	5.251
339	339	8.13	2	8.13
340	340	8.33	2	8.33
341	341	7.948	10	7.948
342	342	4.418	3	4.418
343	343	7.305	10	7.305
344	344	7.44	9	7.44
345	345	7.288	10	7.288
346	346	5.48	1	5.48
347	347	5.248	10	5.248
348	348	7.19	4	7.19
349	349	7.44	1	7.44
350	350	3.775	3	3.775
351	351	8.523	10	8.523
352	352	6.60	4	6.60
353	353	6.875	11	6.875
354	354	8.12	2	8.12
355	355	3.861	3	3.861
356	356	6.886	11	6.886
357	357	5.708	3	5.708
358	358	5.312	3	5.312
359	359	7.14	5	7.14
360	360	8.72	1	8.72
361	361	8.58	2	8.58
362	362	7.48	7	7.48
363	363	8.894	10	8.894
364	364	5.041	3	5.041
365	365	8.88	9	8.88
366	366	5.89	8	5.89
367	367	5.858	10	5.858
368	368	6.90	2	6.90
369	369	7.52	5	7.52
370	370	5.39	6	5.39
371	371	7.03	2	7.03
372	372	5.78	1	5.78
373	373	6.408	11	6.408
374	374	6.604	11	6.604
375	375	4.992	3	4.992
376	376	7.56	7	7.56
377	377	6.097	2	6.097
378	378	9.74	7	9.74
379	379	6.515	10	6.515
380	380	8.58	3	8.58
381	381	7.032	11	7.032
382	382	6.114	11	6.114
383	383	8.999	10	8.999
384	384	7.406	2	7.406
385	385	8.58	2	8.58
386	386	4.352	2	4.352
387	387	5.553	3	5.553
388	388	8.00	5	8.00
389	389	5.085	3	5.085
390	390	6.16	4	6.16
391	391	5.747	3	5.747
392	392	7.82	2	7.82
393	393	7.46	3	7.46
394	394	5.37	4	5.37
395	395	2.902	10	2.902
396	396	6.89	4	6.89
397	397	6.137	11	6.137
398	398	8.09	5	8.09
399	399	6.83	6	6.83
400	400	5.442	11	5.442
401	401	8.123	2	8.123
402	402	7.05	3	7.05
403	403	10.323	2	10.323
404	404	6.828	2	6.828
405	405	7.24	4	7.24
406	406	7.52	5	7.52
407	407	8.21	7	8.21
408	408	2.293	3	2.293
409	409	7.88	3	7.88
410	410	4.94	4	4.94
411	411	7.52	5	7.52
412	412	7.21	7	7.21
413	413	7.164	11	7.164
414	414	7.215	3	7.215
415	415	6.124	3	6.124
416	416	7.03	4	7.03
417	417	5.659	3	5.659
418	418	7.164	2	7.164
419	419	6.94	4	6.94
420	420	6.389	11	6.389
421	421	9.735	2	9.735
422	422	7.637	2	7.637
423	423	5.555	3	5.555
424	424	7.70	5	7.70
425	425	9.27	2	9.27
426	426	5.08	2	5.08
427	427	7.57	3	7.57
428	428	9.09	9	9.09
429	429	6.288	3	6.288
430	430	7.31	4	7.31
431	431	6.59	7	6.59
432	432	9.22	3	9.22
433	433	5.337	3	5.337
434	434	8.093	2	8.093
435	435	4.38	3	4.38
436	436	7.93	3	7.93
437	437	8.52	3	8.52
438	438	6.371	10	6.371
439	439	4.931	3	4.931
440	440	5.147	3	5.147
441	441	8.359	2	8.359
442	442	8.149	2	8.149
443	443	6.012	3	6.012
444	444	4.808	3	4.808
445	445	8.23	2	8.23
446	446	7.29	7	7.29
447	447	9.16	3	9.16
448	448	6.13	4	6.13
449	449	6.303	11	6.303
450	450	5.013	3	5.013
451	451	4.484	11	4.484
452	452	5.54	1	5.54
453	453	9.28	9	9.28
454	454	7.52	7	7.52
455	455	6.610	11	6.610
456	456	5.720	3	5.720
457	457	8.25	3	8.25
458	458	6.46	1	6.46
459	459	4.962	3	4.962
460	460	5.661	3	5.661
461	461	5.04	1	5.04
462	462	7.16	9	7.16
463	463	5.743	3	5.743
464	464	6.610	10	6.610
465	465	7.482	2	7.482
466	466	7.288	10	7.288
467	467	3.554	10	3.554
468	468	6.439	3	6.439
469	469	5.24	1	5.24
470	470	7.13	3	7.13
471	471	8.359	2	8.359
472	472	7.84	5	7.84
473	473	4.681	3	4.681
474	474	5.401	11	5.401
475	475	5.22	1	5.22
476	476	8.22	3	8.22
477	477	6.41	8	6.41
478	478	7.034	3	7.034
479	479	8.513	2	8.513
480	480	4.979	3	4.979
481	481	5.172	3	5.172
482	482	6.312	2	6.312
483	483	4.452	3	4.452
484	484	5.60	4	5.60
485	485	5.256	3	5.256
486	486	8.20	2	8.20
487	487	8.466	2	8.466
488	488	8.201	11	8.201
489	489	5.700	3	5.700
490	490	6.111	3	6.111
491	491	9.54	3	9.54
492	492	8.987	2	8.987
493	493	8.40	2	8.40
494	494	4.804	3	4.804
495	495	8.292	10	8.292
496	496	9.04	7	9.04
497	497	6.63	4	6.63
498	498	5.309	11	5.309
499	499	8.67	5	8.67
500	500	7.42	7	7.42
501	501	4.341	10	4.341
502	502	6.80	8	6.80
503	503	5.701	3	5.701
504	504	5.843	3	5.843
505	505	7.80	7	7.80
506	506	6.51	3	6.51
507	507	5.628	10	5.628
508	508	4.24	7	4.24
509	509	7.461	10	7.461
510	510	7.44	6	7.44
511	511	8.985	2	8.985
512	512	7.440	11	7.440
513	513	5.213	10	5.213
514	514	8.55	5	8.55
515	515	4.814	3	4.814
516	516	9.54	5	9.54
517	517	5.561	3	5.561
518	518	6.904	11	6.904
519	519	6.88	4	6.88
520	520	6.47	2	6.47
521	521	8.93	3	8.93
522	522	4.929	3	4.929
523	523	6.698	10	6.698
524	524	4.109	3	4.109
525	525	5.34	1	5.34
526	526	8.06	2	8.06
527	527	8.202	11	8.202
528	528	6.35	7	6.35
529	529	5.913	3	5.913
530	530	7.24	1	7.24
531	531	4.932	11	4.932
532	532	6.010	11	6.010
533	533	6.283	11	6.283
534	534	6.445	3	6.445
535	535	5.64	4	5.64
536	536	6.49	4	6.49
537	537	7.59	2	7.59
538	538	5.68	4	5.68
539	539	5.327	10	5.327
540	540	5.825	3	5.825
541	541	4.981	10	4.981
542	542	5.422	11	5.422
543	543	6.670	10	6.670
544	544	8.103	11	8.103
545	545	7.32	5	7.32
546	546	6.247	11	6.247
547	547	7.264	11	7.264
548	548	5.77	8	5.77
549	549	8.32	2	8.32
550	550	3.655	3	3.655
551	551	6.56	1	6.56
552	552	6.452	11	6.452
553	553	6.73	6	6.73
554	554	7.434	10	7.434
555	555	9.13	2	9.13
556	556	6.38	7	6.38
557	557	5.71	8	5.71
558	558	5.75	6	5.75
559	559	6.785	2	6.785
560	560	5.504	11	5.504
561	561	7.47	5	7.47
562	562	6.089	3	6.089
563	563	9.580	2	9.580
564	564	0.407	3	0.407
565	565	10.128	2	10.128
566	566	8.37	2	8.37
567	567	4.078	3	4.078
568	568	9.27	5	9.27
569	569	6.889	2	6.889
570	570	6.588	2	6.588
571	571	6.68	1	6.68
572	572	6.828	2	6.828
573	573	6.784	11	6.784
574	574	6.986	3	6.986
575	575	6.655	10	6.655
576	576	8.25	3	8.25
577	577	6.063	3	6.063
578	578	7.76	5	7.76
579	579	4.394	3	4.394
580	580	5.78	4	5.78
581	581	8.093	2	8.093
582	582	5.031	2	5.031
583	583	5.762	3	5.762
584	584	4.321	10	4.321
585	585	5.979	11	5.979
586	586	6.745	3	6.745
587	587	7.47	5	7.47
588	588	6.26	1	6.26
589	589	7.17	4	7.17
590	590	8.09	3	8.09
591	591	7.80	3	7.80
592	592	5.863	3	5.863
593	593	5.012	3	5.012
594	594	7.516	2	7.516
595	595	6.52	1	6.52
596	596	5.223	11	5.223
597	597	8.56	1	8.56
598	598	8.29	3	8.29
599	599	5.36	1	5.36
600	600	6.814	2	6.814
601	601	9.31	5	9.31
602	602	4.97	6	4.97
603	603	8.55	5	8.55
604	604	7.740	10	7.740
605	605	5.232	3	5.232
606	606	5.484	3	5.484
607	607	4.502	11	4.502
608	608	6.970	11	6.970
609	609	7.68	5	7.68
610	610	7.814	11	7.814
611	611	9.14	2	9.14
612	612	7.45	3	7.45
613	613	7.372	2	7.372
614	614	5.64	6	5.64
615	615	7.44	3	7.44
616	616	7.71	9	7.71
617	617	5.138	3	5.138
618	618	6.801	11	6.801
619	619	4.36	2	4.36
620	620	7.27	2	7.27
621	621	5.30	2	5.30
622	622	4.811	10	4.811
623	623	5.35	6	5.35
624	624	7.241	2	7.241
625	625	7.40	5	7.40
626	626	4.69	3	4.69
627	627	6.000	3	6.000
628	628	7.100	10	7.100
629	629	4.48	1	4.48
630	630	7.46	2	7.46
631	631	5.191	10	5.191
632	632	7.930	2	7.930
633	633	4.422	10	4.422
634	634	6.336	3	6.336
635	635	7.860	10	7.860
636	636	9.33	7	9.33
637	637	6.80	1	6.80
638	638	5.134	2	5.134
639	639	5.94	4	5.94
640	640	6.15	3	6.15
641	641	7.33	8	7.33
642	642	5.93	4	5.93
643	643	5.901	11	5.901
644	644	5.850	3	5.850
645	645	6.86	6	6.86
646	646	7.76	2	7.76
647	647	7.069	2	7.069
648	648	5.731	3	5.731
649	649	7.250	2	7.250
650	650	6.133	11	6.133
651	651	7.25	2	7.25
652	652	6.26	4	6.26
653	653	5.073	3	5.073
654	654	9.020	2	9.020
655	655	8.57	5	8.57
656	656	6.940	10	6.940
657	657	6.407	2	6.407
658	658	6.76	4	6.76
659	659	7.78	7	7.78
660	660	6.437	3	6.437
661	661	7.58	1	7.58
662	662	6.13	2	6.13
663	663	7.37	3	7.37
664	664	5.969	3	5.969
665	665	7.93	2	7.93
666	666	6.07	4	6.07
667	667	4.11	2	4.11
668	668	7.03	4	7.03
669	669	2.850	3	2.850
670	670	7.258	10	7.258
671	671	6.720	11	6.720
672	672	7.39	4	7.39
673	673	6.706	11	6.706
674	674	9.665	2	9.665
675	675	5.444	3	5.444
676	676	8.021	2	8.021
677	677	6.85	5	6.85
678	678	6.144	10	6.144
679	679	6.397	11	6.397
680	680	8.23	4	8.23
681	681	2.743	2	2.743
